[gd_scene load_steps=4 format=3 uid="uid://dob5n0rie65js"]

[ext_resource type="Script" path="res://scripts/visioncone.gd" id="1_bkj6i"]
[ext_resource type="PackedScene" uid="uid://bdeo7urx47nob" path="res://scenes/components/cone.tscn" id="2_40lhh"]

[sub_resource type="ConvexPolygonShape3D" id="ConvexPolygonShape3D_ry4ud"]
points = PackedVector3Array(-0.000195742, 1, -0.000195742, 0.194988, -1, -0.980814, -0.000195742, -1, -1, -0.195184, -1, -0.980814, -0.382733, -1, -0.924041, -0.555599, -1, -0.831637, -0.707126, -1, -0.707126, -0.831637, -1, -0.555599, -0.924041, -1, -0.382733, -0.980814, -1, -0.195184, -1, -1, -0.000195742, -0.980814, -1, 0.194988, -0.924041, -1, 0.382537, -0.831637, -1, 0.555403, -0.707126, -1, 0.70693, -0.555599, -1, 0.831441, -0.382733, -1, 0.923845, -0.195184, -1, 0.980619, -0.000195742, -1, 1, 0.194988, -1, 0.980619, 0.382537, -1, 0.923845, 0.555403, -1, 0.831441, 0.70693, -1, 0.70693, 0.831441, -1, 0.555403, 0.923845, -1, 0.382537, 0.980619, -1, 0.194988, 1, -1, -0.000195742, 0.980619, -1, -0.195184, 0.923845, -1, -0.382733, 0.831441, -1, -0.555599, 0.70693, -1, -0.707126, 0.555403, -1, -0.831637, 0.382537, -1, -0.924041)

[node name="Visioncone" type="Node3D"]
script = ExtResource("1_bkj6i")

[node name="Visionarea" type="Area3D" parent="."]
monitorable = false

[node name="cone" parent="Visionarea" instance=ExtResource("2_40lhh")]
transform = Transform3D(10, 0, 0, 0, -4.37114e-07, -10, 0, 10, -4.37114e-07, 0, 0, 0)
visible = false

[node name="CollisionShape3D" type="CollisionShape3D" parent="Visionarea"]
transform = Transform3D(10, 0, 0, 0, -4.37114e-07, -10, 0, 10, -4.37114e-07, 0, 0, -5)
shape = SubResource("ConvexPolygonShape3D_ry4ud")

[node name="RayCast3D" type="RayCast3D" parent="."]
transform = Transform3D(1, 0, 0, 0, 1, 0, 0, 0, 1, 0, 0, 4.95677)
exclude_parent = false
target_position = Vector3(0, 0, -100)

[node name="RayCast3D2" type="RayCast3D" parent="."]
transform = Transform3D(0.999391, 0, 0.0348995, 0, 1, 0, -0.0348995, 0, 0.999391, 0, 0, 4.95677)
exclude_parent = false
target_position = Vector3(0, 0, -100)

[node name="RayCast3D3" type="RayCast3D" parent="."]
transform = Transform3D(0.999391, 0, -0.0348995, 0, 1, 0, 0.0348995, 0, 0.999391, 0, 0, 4.95677)
exclude_parent = false
target_position = Vector3(0, 0, -100)

[node name="RayCast3D4" type="RayCast3D" parent="."]
transform = Transform3D(0.997564, 0, -0.0697565, 0, 1, 0, 0.0697565, 0, 0.997564, 0, 0, 4.95677)
exclude_parent = false
target_position = Vector3(0, 0, -100)

[node name="RayCast3D5" type="RayCast3D" parent="."]
transform = Transform3D(0.997564, 0, 0.0697565, 0, 1, 0, -0.0697565, 0, 0.997564, 0, 0, 4.95677)
exclude_parent = false
target_position = Vector3(0, 0, -100)

[node name="RayCast3D6" type="RayCast3D" parent="."]
transform = Transform3D(0.994522, 0, 0.104528, 0, 1, 0, -0.104528, 0, 0.994522, 0, 0, 4.95677)
exclude_parent = false
target_position = Vector3(0, 0, -100)

[node name="RayCast3D7" type="RayCast3D" parent="."]
transform = Transform3D(0.994522, 0, -0.104528, 0, 1, 0, 0.104528, 0, 0.994522, 0, 0, 4.95677)
exclude_parent = false
target_position = Vector3(0, 0, -100)
