[gd_scene load_steps=8 format=3 uid="uid://3ptqecnw5ex2"]

[ext_resource type="PackedScene" uid="uid://bne2usp40hi4o" path="res://scenes/components/car.tscn" id="1_v6fqk"]
[ext_resource type="Script" path="res://scripts/general_road_user_stats.gd" id="1_xpqr5"]
[ext_resource type="Script" path="res://scripts/road_user_spawner.gd" id="2_xc2x4"]

[sub_resource type="BoxShape3D" id="BoxShape3D_e4k3p"]
size = Vector3(3.83746, 1, 1)

[sub_resource type="BoxShape3D" id="BoxShape3D_ohesk"]
size = Vector3(100, 0, 100)

[sub_resource type="Curve3D" id="Curve3D_b61m1"]
_data = {
"points": PackedVector3Array(0, 0, 0, 0, 0, 0, 0, 0, 0, 0, 0, 0, 5, 0, 0, 12.1015, 0, 0, 0, 0, 0, 0, 0, 0, 20, 0, 2.31478),
"tilts": PackedFloat32Array(0, 0, 0)
}
point_count = 3

[sub_resource type="Curve3D" id="Curve3D_3c65l"]
_data = {
"points": PackedVector3Array(0, 0, 0, 0, 0, 0, 0, 0, 0, 0, 0, 4, 0, 0, -4, 3.249, 0, -12.161, 0, 0, 0, 0, 0, 0, 0, 0, -24.0928),
"tilts": PackedFloat32Array(0, 0, 0)
}
point_count = 3

[node name="Node3D" type="Node3D"]

[node name="Enviroment" type="Node" parent="."]

[node name="RigidBody3D2" type="RigidBody3D" parent="Enviroment"]
transform = Transform3D(-0.502975, 0, -0.864301, 0, 1, 0, 0.864301, 0, -0.502975, -20.509, 0.652096, -5.09524)
mass = 1000.0
metadata/_edit_group_ = true

[node name="CSGBox3D" type="CSGBox3D" parent="Enviroment/RigidBody3D2"]
size = Vector3(3.86768, 1, 1)

[node name="CollisionShape3D" type="CollisionShape3D" parent="Enviroment/RigidBody3D2"]
transform = Transform3D(1, 0, 0, 0, 1, 0, 0, 0, 1, -0.00552368, 0, 0)
shape = SubResource("BoxShape3D_e4k3p")

[node name="Ground" type="StaticBody3D" parent="Enviroment"]

[node name="CollisionShape3D" type="CollisionShape3D" parent="Enviroment/Ground"]
shape = SubResource("BoxShape3D_ohesk")

[node name="Spawners" type="Node" parent="."]

[node name="Spawner A" type="Node3D" parent="Spawners" node_paths=PackedStringArray("general_user_stats", "path")]
script = ExtResource("2_xc2x4")
time_between_spawns = 1.0
general_user_stats = NodePath("../../GlobalRoadUserStats")
path = NodePath("Path3D")
user = ExtResource("1_v6fqk")

[node name="Path3D" type="Path3D" parent="Spawners/Spawner A"]
curve = SubResource("Curve3D_b61m1")

[node name="Spawner B" type="Node3D" parent="Spawners" node_paths=PackedStringArray("general_user_stats", "path")]
transform = Transform3D(1, 0, 0, 0, 1, 0, 0, 0, 1, 6.87177, 0, 17.3273)
script = ExtResource("2_xc2x4")
time_between_spawns = 1.0
general_user_stats = NodePath("../../GlobalRoadUserStats")
path = NodePath("Path3D")
user = ExtResource("1_v6fqk")

[node name="Path3D" type="Path3D" parent="Spawners/Spawner B"]
curve = SubResource("Curve3D_3c65l")

[node name="GlobalRoadUserStats" type="Node" parent="."]
script = ExtResource("1_xpqr5")
max_speed = 0.14
max_speed_deviation = 0.01
accel = 0.08
accel_deviation = 0.02
deccel = 0.2
deccel_deviation = 0.02
visibility = 6.8
visibility_deviation = 0.5
reaction_time = 1.5
reaction_time_deviation = 1.2
stopping_distance = 34.316
stopping_distance_deviation = 10.0

[node name="Camera3D" type="Camera3D" parent="."]
transform = Transform3D(-0.170209, -0.0343903, -0.984808, 0, 0.999392, -0.0348995, 0.985407, -0.00594023, -0.170106, 0.085, 5, 2.566)
fov = 90.0

[node name="DirectionalLight3D" type="DirectionalLight3D" parent="."]
transform = Transform3D(-0.726575, 0.52402, -0.444401, 0, 0.64679, 0.762668, 0.687088, 0.554136, -0.469941, -48.2264, 16.2122, 68.9945)
light_energy = 3.292
